25 王美珠 74 94
9 夏志豪 86 79
13 谢彦文 79 78
40 李肇芬 72 78
6 刘柏宏 71 75
18 吕致盈 76 70
21 郑伊雯 62 82
16 刘姿婷 70 72
19 方一强 75 64
1 张吉惟 74 64
14 傅智翔 77 60
35 林家纶 76 60
11 李中冰 70 64
15 洪振霞 62 71
34 郑昌梦 64 65
12 黄文隆 61 67
24 吴心真 50 75
36 黄丽昆 60 64
37 李育泉 87 37
4 林雅南 63 60
5 江奕云 61 61
30 王依婷 79 43
7 阮建安 50 71
3 林玟 57 63
28 陈文 63 57
39 吴韵如 76 44
2 林国瑞 86 33
10 吉茹定 55 61
29 曹敏 60 56
27 李雅惠 52 63
31 陈婉璇 61 52
33 蔡依婷 49 64
17 荣姿康 54 56
26 郭芳天 57 49
20 黎芸贵 47 57
32 吴美玉 61 43
8 林子帆 76 26
22 雷进宝 58 42
38 黄芸欢 35 62
23 吴美 51 43
